NI VB-8012,,,,,
Configuration,,,,,
,Device,,,,,
,,Name,Serial Number,Firmware,,,
,,VB8012-306042E,306042E,1.0.1f0,,,,,
MIXED SIGNAL OSCILLOSCOPE,,,,,,,,,,,,,,,,,,,,,,DC POWER SUPPLY,,,,,,,DIGITAL MULTIMETER,,,,,,,,DIGITAL I/O,,,,,,,,,,
Configuration,,,,,,,,,,,,,,,,,,,,,,Configuration,,,,,,,Configuration,,,,,,,,Configuration,,,,,,,,,,
,Analog,,,,,,,,,Trigger,,,,,,,,,Acquisition,,,,Analog,,,,,,,Analog,,,,,,,,Digital,,,,,,,,,,
,,Name,Alias,Channel Coupling,Probe Attenuation,Volts Per Division,Vertical Offset (V),ΔT (ns),,,Type,Delay (s),Reason,Edge,Source,Level (V),Hysteresis,,,Mode,,,,Name,Operating Mode,Voltage Set Point,Amperage Set Point,,,,Name,Measurement Mode,Measurement Range,Input Impedance,Null Offset,,,,Name,Direction,,,,,,,,,
,,1,1,DC,1X,500 mV/,0.979865,4008.0000,,,Edge,000.00072,Stop,Rising,2,2.51,Minimum,,,Peak Detect,,,,+6 V,CV,5.000,1.000,,,,DMM,VDC,100 mV,Normal Impedance (10 MΩ),Off,,,,0,Input,,,,,,,,,,,
,,2,2,DC,1X,5 V/,-9.924048,4008.0000,,,,,,,,,,,,,,,,+25 V,CV,15.000,0.500,,,,,,,,,,,,1,Input,,,,,,,,,,,
,,,,,,,,,,,,,,,,,,,,,,,,-25 V,CV,-15.000,0.500,,,,,,,,,,,,2,Input,,,,,,,,,,,
,,,,,,,,,,,,,,,,,,,,,,,,,,,,,,,,,,,,,,,3,Input,,,,,,,,,,,
,,,,,,,,,,,,,,,,,,,,,,,,,,,,,,,,,,,,,,,4,Input,,,,,,,,,,,
,,,,,,,,,,,,,,,,,,,,,,,,,,,,,,,,,,,,,,,5,Input,,,,,,,,,,,
,,,,,,,,,,,,,,,,,,,,,,,,,,,,,,,,,,,,,,,6,Input,,,,,,,,,,,
,,,,,,,,,,,,,,,,,,,,,,,,,,,,,,,,,,,,,,,7,Input,,,,,,,,,,,
MIXED SIGNAL OSCILLOSCOPE,,,,,,,,,,,,,,,,,,,,,,DC POWER SUPPLY,,,,,,,DIGITAL MULTIMETER,,,,,,,,DIGITAL I/O,,,,,,,,,,
Data,,,,,,,,,,,,,,,,,,,,,,Data,,,,,,,Data,,,,,,,,Data,,,,,,,,,,
,Analog,,,,,,,,,,,,,,,,,,,,,,Analog,,,,,,,Analog,,,,,,,,Digital,,,,,,,,,,
,,Timestamps (ns),1 Min,1 Max,2 Min,2 Max,,,,,,,,,,,,,,,,,,+6 V,+25 V,-25 V,,,,,DMM,,,,,,,,0,1,2,3,4,5,6,7,,,
,,-88176,0.0736325705747505,0.123015286624133,0.212113843621399,0.376722897119341,,,,,,,,,,,,,,,,,,5.00146484375,15.0009765625,-15.001953125,,,,,1.31975012475221E-05,,,,,,,,0,0,0,0,0,0,0,0,,,
,,-84168,-0.0251328615240149,0.139476191973927,0.212113843621399,0.376722897119341,,,,,,,,,,,,,,,,,,0.0753173828125,0.00030517578125,0.00030517578125,,,,,,,,,,,,,,,,,,,,,,,
,,-80160,-0.107437388272986,0.0242498545253678,0.0475047901234564,0.376722897119341,,,,,,,,,,,,,,,,,,,,,,,,,,,,,,,,,,,,,,,,,,,
,,-76152,-0.140359198972575,-0.0415937668738092,0.0475047901234564,0.376722897119341,,,,,,,,,,,,,,,,,,,,,,,,,,,,,,,,,,,,,,,,,,,
,,-72144,-0.12389829362278,0.0407107598751619,0.212113843621399,0.376722897119341,,,,,,,,,,,,,,,,,,,,,,,,,,,,,,,,,,,,,,,,,,,
,,-68136,0.00778894917557349,0.106554381274339,0.212113843621399,0.376722897119341,,,,,,,,,,,,,,,,,,,,,,,,,,,,,,,,,,,,,,,,,,,
,,-64128,0.0407107598751619,0.139476191973927,0.212113843621399,0.376722897119341,,,,,,,,,,,,,,,,,,,,,,,,,,,,,,,,,,,,,,,,,,,
,,-60120,-0.0415937668738092,0.0900934759245446,0.212113843621399,0.376722897119341,,,,,,,,,,,,,,,,,,,,,,,,,,,,,,,,,,,,,,,,,,,
,,-56112,-0.12389829362278,-0.0251328615240149,0.212113843621399,0.376722897119341,,,,,,,,,,,,,,,,,,,,,,,,,,,,,,,,,,,,,,,,,,,
,,-52104,-0.173281009672163,-0.0580546722236035,0.212113843621399,0.376722897119341,,,,,,,,,,,,,,,,,,,,,,,,,,,,,,,,,,,,,,,,,,,
,,-48096,-0.107437388272986,0.0736325705747505,0.212113843621399,0.376722897119341,,,,,,,,,,,,,,,,,,,,,,,,,,,,,,,,,,,,,,,,,,,
,,-44088,0.0407107598751619,0.123015286624133,0.0475047901234564,0.376722897119341,,,,,,,,,,,,,,,,,,,,,,,,,,,,,,,,,,,,,,,,,,,
,,-40080,0.0242498545253678,0.139476191973927,0.212113843621399,0.376722897119341,,,,,,,,,,,,,,,,,,,,,,,,,,,,,,,,,,,,,,,,,,,
,,-36072,-0.12389829362278,0.0407107598751619,0.212113843621399,0.376722897119341,,,,,,,,,,,,,,,,,,,,,,,,,,,,,,,,,,,,,,,,,,,
,,-32064,-0.140359198972575,-0.0909764829231919,0.212113843621399,0.376722897119341,,,,,,,,,,,,,,,,,,,,,,,,,,,,,,,,,,,,,,,,,,,
,,-28056,-0.140359198972575,0.0242498545253678,0.212113843621399,0.376722897119341,,,,,,,,,,,,,,,,,,,,,,,,,,,,,,,,,,,,,,,,,,,
,,-24048,0.00778894917557349,0.123015286624133,0.0475047901234564,0.376722897119341,,,,,,,,,,,,,,,,,,,,,,,,,,,,,,,,,,,,,,,,,,,
,,-20040,0.0407107598751619,0.123015286624133,0.212113843621399,0.376722897119341,,,,,,,,,,,,,,,,,,,,,,,,,,,,,,,,,,,,,,,,,,,
,,-16032,-0.0415937668738092,0.0900934759245446,-4.56154870781893,0.376722897119341,,,,,,,,,,,,,,,,,,,,,,,,,,,,,,,,,,,,,,,,,,,
,,-12024,-0.12389829362278,-0.0251328615240149,-9.66442936625515,-4.56154870781893,,,,,,,,,,,,,,,,,,,,,,,,,,,,,,,,,,,,,,,,,,,
,,-8016,-0.140359198972575,-0.0415937668738092,-9.82903841975309,-7.35990261728395,,,,,,,,,,,,,,,,,,,,,,,,,,,,,,,,,,,,,,,,,,,
,,-4008,-0.0745155775733977,0.0736325705747505,-7.52451167078189,2.51664059259259,,,,,,,,,,,,,,,,,,,,,,,,,,,,,,,,,,,,,,,,,,,
,,0,0.0407107598751619,0.106554381274339,2.51664059259259,11.8993566419753,,,,,,,,,,,,,,,,,,,,,,,,,,,,,,,,,,,,,,,,,,,
,,4008,0.0407107598751619,0.139476191973927,11.2409204279835,12.722401909465,,,,,,,,,,,,,,,,,,,,,,,,,,,,,,,,,,,,,,,,,,,
,,8016,-0.0909764829231919,0.0736325705747505,3.3396858600823,11.2409204279835,,,,,,,,,,,,,,,,,,,,,,,,,,,,,,,,,,,,,,,,,,,
,,12024,-0.140359198972575,-0.0745155775733977,-9.99364747325103,3.50429491358025,,,,,,,,,,,,,,,,,,,,,,,,,,,,,,,,,,,,,,,,,,,
,,16032,-0.156820104322369,0.00778894917557349,-11.1459108477366,-9.99364747325103,,,,,,,,,,,,,,,,,,,,,,,,,,,,,,,,,,,,,,,,,,,
,,20040,-0.0251328615240149,0.123015286624133,-11.1459108477366,-7.19529356378601,,,,,,,,,,,,,,,,,,,,,,,,,,,,,,,,,,,,,,,,,,,
,,24048,0.0736325705747505,0.123015286624133,-7.35990261728395,8.27795746502058,,,,,,,,,,,,,,,,,,,,,,,,,,,,,,,,,,,,,,,,,,,
,,28056,-0.0580546722236035,0.123015286624133,8.27795746502058,13.2162290699588,,,,,,,,,,,,,,,,,,,,,,,,,,,,,,,,,,,,,,,,,,,
,,32064,-0.140359198972575,-0.00867195617422067,9.26561178600823,13.2162290699588,,,,,,,,,,,,,,,,,,,,,,,,,,,,,,,,,,,,,,,,,,,
,,36072,-0.156820104322369,-0.0580546722236035,-5.05537586831276,9.26561178600823,,,,,,,,,,,,,,,,,,,,,,,,,,,,,,,,,,,,,,,,,,,
,,40080,-0.107437388272986,0.0736325705747505,-11.1459108477366,-5.05537586831276,,,,,,,,,,,,,,,,,,,,,,,,,,,,,,,,,,,,,,,,,,,
,,44088,0.0407107598751619,0.123015286624133,-11.1459108477366,-9.99364747325103,,,,,,,,,,,,,,,,,,,,,,,,,,,,,,,,,,,,,,,,,,,
,,48096,0.0407107598751619,0.139476191973927,-9.99364747325103,2.68124964609053,,,,,,,,,,,,,,,,,,,,,,,,,,,,,,,,,,,,,,,,,,,
,,52104,-0.0909764829231919,0.0736325705747505,2.51664059259259,12.2285747489712,,,,,,,,,,,,,,,,,,,,,,,,,,,,,,,,,,,,,,,,,,,
,,56112,-0.140359198972575,-0.0580546722236035,11.5701385349794,13.0516200164609,,,,,,,,,,,,,,,,,,,,,,,,,,,,,,,,,,,,,,,,,,,
,,60120,-0.140359198972575,-0.0251328615240149,1.52898627160494,11.5701385349794,,,,,,,,,,,,,,,,,,,,,,,,,,,,,,,,,,,,,,,,,,,
,,64128,-0.0580546722236035,0.0900934759245446,-10.4874746337449,1.52898627160494,,,,,,,,,,,,,,,,,,,,,,,,,,,,,,,,,,,,,,,,,,,
,,68136,0.0571716652249563,0.123015286624133,-11.1459108477366,-10.4874746337449,,,,,,,,,,,,,,,,,,,,,,,,,,,,,,,,,,,,,,,,,,,
,,72144,0.00778894917557349,0.139476191973927,-11.1459108477366,-5.05537586831276,,,,,,,,,,,,,,,,,,,,,,,,,,,,,,,,,,,,,,,,,,,
,,76152,-0.12389829362278,0.0407107598751619,-5.05537586831276,9.43022083950617,,,,,,,,,,,,,,,,,,,,,,,,,,,,,,,,,,,,,,,,,,,
,,80160,-0.156820104322369,-0.0580546722236035,9.43022083950617,13.0516200164609,,,,,,,,,,,,,,,,,,,,,,,,,,,,,,,,,,,,,,,,,,,
,,84168,-0.12389829362278,0.0407107598751619,8.27795746502058,12.887010962963,,,,,,,,,,,,,,,,,,,,,,,,,,,,,,,,,,,,,,,,,,,
,,88176,0.00778894917557349,0.123015286624133,-6.70146640329218,8.27795746502058,,,,,,,,,,,,,,,,,,,,,,,,,,,,,,,,,,,,,,,,,,,
,,92184,0.0571716652249563,0.139476191973927,-11.1459108477366,-6.70146640329218,,,,,,,,,,,,,,,,,,,,,,,,,,,,,,,,,,,,,,,,,,,
,,96192,-0.0745155775733977,0.106554381274339,-11.1459108477366,-9.17060220576132,,,,,,,,,,,,,,,,,,,,,,,,,,,,,,,,,,,,,,,,,,,
,,100200,-0.12389829362278,-0.0415937668738092,-9.17060220576132,4.4919492345679,,,,,,,,,,,,,,,,,,,,,,,,,,,,,,,,,,,,,,,,,,,
,,104208,-0.140359198972575,-0.0415937668738092,4.4919492345679,12.5577928559671,,,,,,,,,,,,,,,,,,,,,,,,,,,,,,,,,,,,,,,,,,,
,,108216,-0.0745155775733977,0.0736325705747505,10.9117023209877,12.887010962963,,,,,,,,,,,,,,,,,,,,,,,,,,,,,,,,,,,,,,,,,,,
,,112224,0.0407107598751619,0.106554381274339,-0.775540477366256,10.9117023209877,,,,,,,,,,,,,,,,,,,,,,,,,,,,,,,,,,,,,,,,,,,
,,116232,0.0242498545253678,0.123015286624133,-11.1459108477366,-0.775540477366256,,,,,,,,,,,,,,,,,,,,,,,,,,,,,,,,,,,,,,,,,,,
,,120240,-0.0909764829231919,0.0407107598751619,-11.1459108477366,-11.1459108477366,,,,,,,,,,,,,,,,,,,,,,,,,,,,,,,,,,,,,,,,,,,
,,124248,-0.12389829362278,-0.0745155775733977,-11.1459108477366,-5.54920302880659,,,,,,,,,,,,,,,,,,,,,,,,,,,,,,,,,,,,,,,,,,,
,,128256,-0.140359198972575,-0.00867195617422067,-5.54920302880659,0.870550057613167,,,,,,,,,,,,,,,,,,,,,,,,,,,,,,,,,,,,,,,,,,,
,,132264,-0.0251328615240149,0.0900934759245446,0.705941004115225,9.43022083950617,,,,,,,,,,,,,,,,,,,,,,,,,,,,,,,,,,,,,,,,,,,
,,136272,0.0571716652249563,0.155937097323722,9.43022083950617,14.0392743374486,,,,,,,,,,,,,,,,,,,,,,,,,,,,,,,,,,,,,,,,,,,
,,140280,-0.0580546722236035,0.123015286624133,9.59482989300411,14.0392743374486,,,,,,,,,,,,,,,,,,,,,,,,,,,,,,,,,,,,,,,,,,,
,,144288,-0.12389829362278,-0.0251328615240149,2.35203153909465,9.59482989300411,,,,,,,,,,,,,,,,,,,,,,,,,,,,,,,,,,,,,,,,,,,
,,148296,-0.156820104322369,-0.0580546722236035,-2.91545817283951,2.35203153909465,,,,,,,,,,,,,,,,,,,,,,,,,,,,,,,,,,,,,,,,,,,
,,152304,-0.0909764829231919,0.0736325705747505,-4.39693965432099,-2.91545817283951,,,,,,,,,,,,,,,,,,,,,,,,,,,,,,,,,,,,,,,,,,,
,,156312,0.0571716652249563,0.123015286624133,-4.39693965432099,-2.75084911934156,,,,,,,,,,,,,,,,,,,,,,,,,,,,,,,,,,,,,,,,,,,
,,160320,0.0242498545253678,0.139476191973927,-2.75084911934156,-0.281713316872429,,,,,,,,,,,,,,,,,,,,,,,,,,,,,,,,,,,,,,,,,,,
,,164328,-0.107437388272986,0.0407107598751619,-0.446322370370371,1.36437721810699,,,,,,,,,,,,,,,,,,,,,,,,,,,,,,,,,,,,,,,,,,,
,,168336,-0.12389829362278,-0.0745155775733977,1.19976816460905,1.85820437860082,,,,,,,,,,,,,,,,,,,,,,,,,,,,,,,,,,,,,,,,,,,
,,172344,-0.140359198972575,0.00778894917557349,1.19976816460905,1.69359532510288,,,,,,,,,,,,,,,,,,,,,,,,,,,,,,,,,,,,,,,,,,,
,,176352,-0.0251328615240149,0.106554381274339,0.376722897119341,1.19976816460905,,,,,,,,,,,,,,,,,,,,,,,,,,,,,,,,,,,,,,,,,,,
,,180360,0.0571716652249563,0.106554381274339,-0.117104263374486,0.376722897119341,,,,,,,,,,,,,,,,,,,,,,,,,,,,,,,,,,,,,,,,,,,
,,184368,-0.0251328615240149,0.139476191973927,-0.281713316872429,-0.117104263374486,,,,,,,,,,,,,,,,,,,,,,,,,,,,,,,,,,,,,,,,,,,
,,188376,-0.12389829362278,-0.00867195617422067,-0.281713316872429,0.0475047901234564,,,,,,,,,,,,,,,,,,,,,,,,,,,,,,,,,,,,,,,,,,,
,,192384,-0.156820104322369,-0.0580546722236035,-0.117104263374486,0.212113843621399,,,,,,,,,,,,,,,,,,,,,,,,,,,,,,,,,,,,,,,,,,,
,,196392,-0.12389829362278,0.0571716652249563,0.212113843621399,0.376722897119341,,,,,,,,,,,,,,,,,,,,,,,,,,,,,,,,,,,,,,,,,,,
,,200400,0.00778894917557349,0.123015286624133,0.376722897119341,0.541331950617282,,,,,,,,,,,,,,,,,,,,,,,,,,,,,,,,,,,,,,,,,,,
,,204408,0.0571716652249563,0.155937097323722,0.212113843621399,0.541331950617282,,,,,,,,,,,,,,,,,,,,,,,,,,,,,,,,,,,,,,,,,,,
,,208416,-0.0909764829231919,0.0900934759245446,0.212113843621399,0.376722897119341,,,,,,,,,,,,,,,,,,,,,,,,,,,,,,,,,,,,,,,,,,,
,,212424,-0.140359198972575,-0.0745155775733977,0.0475047901234564,0.376722897119341,,,,,,,,,,,,,,,,,,,,,,,,,,,,,,,,,,,,,,,,,,,
,,216432,-0.140359198972575,-0.00867195617422067,0.0475047901234564,0.376722897119341,,,,,,,,,,,,,,,,,,,,,,,,,,,,,,,,,,,,,,,,,,,
,,220440,-0.0580546722236035,0.106554381274339,0.0475047901234564,0.376722897119341,,,,,,,,,,,,,,,,,,,,,,,,,,,,,,,,,,,,,,,,,,,
,,224448,0.0736325705747505,0.123015286624133,0.212113843621399,0.376722897119341,,,,,,,,,,,,,,,,,,,,,,,,,,,,,,,,,,,,,,,,,,,
,,228456,-0.0251328615240149,0.123015286624133,0.212113843621399,0.376722897119341,,,,,,,,,,,,,,,,,,,,,,,,,,,,,,,,,,,,,,,,,,,
,,232464,-0.12389829362278,0.00778894917557349,0.212113843621399,0.376722897119341,,,,,,,,,,,,,,,,,,,,,,,,,,,,,,,,,,,,,,,,,,,
,,236472,-0.140359198972575,-0.0251328615240149,0.212113843621399,0.376722897119341,,,,,,,,,,,,,,,,,,,,,,,,,,,,,,,,,,,,,,,,,,,
,,240480,-0.107437388272986,0.0242498545253678,0.212113843621399,0.376722897119341,,,,,,,,,,,,,,,,,,,,,,,,,,,,,,,,,,,,,,,,,,,
,,244488,0.0242498545253678,0.106554381274339,0.212113843621399,0.376722897119341,,,,,,,,,,,,,,,,,,,,,,,,,,,,,,,,,,,,,,,,,,,
,,248496,0.0407107598751619,0.139476191973927,0.212113843621399,0.376722897119341,,,,,,,,,,,,,,,,,,,,,,,,,,,,,,,,,,,,,,,,,,,
,,252504,-0.0580546722236035,0.0900934759245446,0.212113843621399,0.376722897119341,,,,,,,,,,,,,,,,,,,,,,,,,,,,,,,,,,,,,,,,,,,
,,256512,-0.12389829362278,-0.0415937668738092,0.0475047901234564,0.376722897119341,,,,,,,,,,,,,,,,,,,,,,,,,,,,,,,,,,,,,,,,,,,
,,260520,-0.140359198972575,-0.0415937668738092,0.212113843621399,0.376722897119341,,,,,,,,,,,,,,,,,,,,,,,,,,,,,,,,,,,,,,,,,,,
,,264528,-0.0745155775733977,0.0736325705747505,0.212113843621399,0.376722897119341,,,,,,,,,,,,,,,,,,,,,,,,,,,,,,,,,,,,,,,,,,,
,,268536,0.0571716652249563,0.123015286624133,0.212113843621399,0.376722897119341,,,,,,,,,,,,,,,,,,,,,,,,,,,,,,,,,,,,,,,,,,,
,,272544,0.00778894917557349,0.139476191973927,0.212113843621399,0.376722897119341,,,,,,,,,,,,,,,,,,,,,,,,,,,,,,,,,,,,,,,,,,,
,,276552,-0.12389829362278,0.0242498545253678,0.212113843621399,0.376722897119341,,,,,,,,,,,,,,,,,,,,,,,,,,,,,,,,,,,,,,,,,,,
,,280560,-0.140359198972575,-0.0745155775733977,0.212113843621399,0.376722897119341,,,,,,,,,,,,,,,,,,,,,,,,,,,,,,,,,,,,,,,,,,,
,,284568,-0.140359198972575,0.00778894917557349,0.212113843621399,0.376722897119341,,,,,,,,,,,,,,,,,,,,,,,,,,,,,,,,,,,,,,,,,,,
,,288576,-0.00867195617422067,0.106554381274339,0.212113843621399,0.376722897119341,,,,,,,,,,,,,,,,,,,,,,,,,,,,,,,,,,,,,,,,,,,
,,292584,0.0407107598751619,0.139476191973927,0.212113843621399,0.376722897119341,,,,,,,,,,,,,,,,,,,,,,,,,,,,,,,,,,,,,,,,,,,
,,296592,-0.0745155775733977,0.0900934759245446,0.212113843621399,0.376722897119341,,,,,,,,,,,,,,,,,,,,,,,,,,,,,,,,,,,,,,,,,,,
,,300600,-0.107437388272986,-0.0251328615240149,0.212113843621399,0.376722897119341,,,,,,,,,,,,,,,,,,,,,,,,,,,,,,,,,,,,,,,,,,,
,,304608,-0.140359198972575,-0.0251328615240149,0.212113843621399,0.376722897119341,,,,,,,,,,,,,,,,,,,,,,,,,,,,,,,,,,,,,,,,,,,
,,308616,-0.0745155775733977,0.0571716652249563,0.212113843621399,0.376722897119341,,,,,,,,,,,,,,,,,,,,,,,,,,,,,,,,,,,,,,,,,,,
,,312624,0.0242498545253678,0.106554381274339,0.212113843621399,0.376722897119341,,,,,,,,,,,,,,,,,,,,,,,,,,,,,,,,,,,,,,,,,,,
,,316632,0.0242498545253678,0.139476191973927,0.212113843621399,0.376722897119341,,,,,,,,,,,,,,,,,,,,,,,,,,,,,,,,,,,,,,,,,,,
,,320640,-0.0909764829231919,0.0736325705747505,0.0475047901234564,0.376722897119341,,,,,,,,,,,,,,,,,,,,,,,,,,,,,,,,,,,,,,,,,,,
,,324648,-0.12389829362278,-0.0580546722236035,0.212113843621399,0.376722897119341,,,,,,,,,,,,,,,,,,,,,,,,,,,,,,,,,,,,,,,,,,,
,,328656,-0.140359198972575,-0.00867195617422067,0.212113843621399,0.376722897119341,,,,,,,,,,,,,,,,,,,,,,,,,,,,,,,,,,,,,,,,,,,
,,332664,-0.0415937668738092,0.123015286624133,0.0475047901234564,0.376722897119341,,,,,,,,,,,,,,,,,,,,,,,,,,,,,,,,,,,,,,,,,,,
,,336672,0.0736325705747505,0.139476191973927,0.212113843621399,0.376722897119341,,,,,,,,,,,,,,,,,,,,,,,,,,,,,,,,,,,,,,,,,,,
,,340680,-0.0415937668738092,0.172398002673516,0.212113843621399,0.376722897119341,,,,,,,,,,,,,,,,,,,,,,,,,,,,,,,,,,,,,,,,,,,
,,344688,-0.140359198972575,-0.0251328615240149,0.212113843621399,0.376722897119341,,,,,,,,,,,,,,,,,,,,,,,,,,,,,,,,,,,,,,,,,,,
,,348696,-0.156820104322369,-0.0580546722236035,0.212113843621399,0.376722897119341,,,,,,,,,,,,,,,,,,,,,,,,,,,,,,,,,,,,,,,,,,,
,,352704,-0.107437388272986,0.0571716652249563,0.212113843621399,0.376722897119341,,,,,,,,,,,,,,,,,,,,,,,,,,,,,,,,,,,,,,,,,,,
,,356712,0.0242498545253678,0.123015286624133,0.212113843621399,0.376722897119341,,,,,,,,,,,,,,,,,,,,,,,,,,,,,,,,,,,,,,,,,,,
,,360720,0.0407107598751619,0.123015286624133,0.212113843621399,0.376722897119341,,,,,,,,,,,,,,,,,,,,,,,,,,,,,,,,,,,,,,,,,,,
,,364728,-0.0909764829231919,0.0571716652249563,0.212113843621399,0.376722897119341,,,,,,,,,,,,,,,,,,,,,,,,,,,,,,,,,,,,,,,,,,,
,,368736,-0.12389829362278,-0.0580546722236035,0.212113843621399,0.376722897119341,,,,,,,,,,,,,,,,,,,,,,,,,,,,,,,,,,,,,,,,,,,
,,372744,-0.12389829362278,-0.0251328615240149,0.212113843621399,0.376722897119341,,,,,,,,,,,,,,,,,,,,,,,,,,,,,,,,,,,,,,,,,,,
,,376752,-0.0745155775733977,0.0900934759245446,0.212113843621399,0.376722897119341,,,,,,,,,,,,,,,,,,,,,,,,,,,,,,,,,,,,,,,,,,,
,,380760,0.0407107598751619,0.123015286624133,0.212113843621399,0.376722897119341,,,,,,,,,,,,,,,,,,,,,,,,,,,,,,,,,,,,,,,,,,,
,,384768,-0.00867195617422067,0.139476191973927,0.0475047901234564,0.376722897119341,,,,,,,,,,,,,,,,,,,,,,,,,,,,,,,,,,,,,,,,,,,
,,388776,-0.12389829362278,0.0242498545253678,0.212113843621399,0.376722897119341,,,,,,,,,,,,,,,,,,,,,,,,,,,,,,,,,,,,,,,,,,,
,,392784,-0.173281009672163,-0.0580546722236035,0.212113843621399,0.376722897119341,,,,,,,,,,,,,,,,,,,,,,,,,,,,,,,,,,,,,,,,,,,
,,396792,-0.12389829362278,0.0242498545253678,0.212113843621399,0.376722897119341,,,,,,,,,,,,,,,,,,,,,,,,,,,,,,,,,,,,,,,,,,,
,,400800,0.00778894917557349,0.139476191973927,0.212113843621399,0.376722897119341,,,,,,,,,,,,,,,,,,,,,,,,,,,,,,,,,,,,,,,,,,,
,,404808,0.0571716652249563,0.155937097323722,0.212113843621399,0.376722897119341,,,,,,,,,,,,,,,,,,,,,,,,,,,,,,,,,,,,,,,,,,,
,,408816,-0.0909764829231919,0.106554381274339,0.212113843621399,0.376722897119341,,,,,,,,,,,,,,,,,,,,,,,,,,,,,,,,,,,,,,,,,,,
,,412824,-0.12389829362278,-0.0745155775733977,0.212113843621399,0.376722897119341,,,,,,,,,,,,,,,,,,,,,,,,,,,,,,,,,,,,,,,,,,,
,,416832,-0.12389829362278,-0.0251328615240149,0.0475047901234564,0.376722897119341,,,,,,,,,,,,,,,,,,,,,,,,,,,,,,,,,,,,,,,,,,,
,,420840,-0.0580546722236035,0.0900934759245446,0.212113843621399,0.376722897119341,,,,,,,,,,,,,,,,,,,,,,,,,,,,,,,,,,,,,,,,,,,
,,424848,0.0571716652249563,0.123015286624133,0.212113843621399,0.376722897119341,,,,,,,,,,,,,,,,,,,,,,,,,,,,,,,,,,,,,,,,,,,
,,428856,-0.00867195617422067,0.123015286624133,0.212113843621399,0.376722897119341,,,,,,,,,,,,,,,,,,,,,,,,,,,,,,,,,,,,,,,,,,,
,,432864,-0.0909764829231919,0.0242498545253678,0.212113843621399,0.376722897119341,,,,,,,,,,,,,,,,,,,,,,,,,,,,,,,,,,,,,,,,,,,
,,436872,-0.107437388272986,-0.0580546722236035,0.212113843621399,0.376722897119341,,,,,,,,,,,,,,,,,,,,,,,,,,,,,,,,,,,,,,,,,,,
,,440880,-0.156820104322369,-0.0251328615240149,0.0475047901234564,0.376722897119341,,,,,,,,,,,,,,,,,,,,,,,,,,,,,,,,,,,,,,,,,,,
,,444888,-0.0415937668738092,0.0407107598751619,0.212113843621399,0.376722897119341,,,,,,,,,,,,,,,,,,,,,,,,,,,,,,,,,,,,,,,,,,,
,,448896,0.0242498545253678,0.106554381274339,0.212113843621399,0.376722897119341,,,,,,,,,,,,,,,,,,,,,,,,,,,,,,,,,,,,,,,,,,,
,,452904,-0.0580546722236035,0.0736325705747505,0.212113843621399,0.376722897119341,,,,,,,,,,,,,,,,,,,,,,,,,,,,,,,,,,,,,,,,,,,
,,456912,-0.0909764829231919,-0.0251328615240149,0.212113843621399,0.376722897119341,,,,,,,,,,,,,,,,,,,,,,,,,,,,,,,,,,,,,,,,,,,
,,460920,-0.12389829362278,-0.0251328615240149,0.212113843621399,0.376722897119341,,,,,,,,,,,,,,,,,,,,,,,,,,,,,,,,,,,,,,,,,,,
,,464928,-0.0580546722236035,0.106554381274339,0.212113843621399,0.376722897119341,,,,,,,,,,,,,,,,,,,,,,,,,,,,,,,,,,,,,,,,,,,
,,468936,0.0736325705747505,0.139476191973927,0.212113843621399,0.376722897119341,,,,,,,,,,,,,,,,,,,,,,,,,,,,,,,,,,,,,,,,,,,
,,472944,0.00778894917557349,0.123015286624133,0.212113843621399,0.376722897119341,,,,,,,,,,,,,,,,,,,,,,,,,,,,,,,,,,,,,,,,,,,
,,476952,-0.12389829362278,0.0407107598751619,0.212113843621399,0.376722897119341,,,,,,,,,,,,,,,,,,,,,,,,,,,,,,,,,,,,,,,,,,,
,,480960,-0.12389829362278,-0.0745155775733977,0.212113843621399,0.376722897119341,,,,,,,,,,,,,,,,,,,,,,,,,,,,,,,,,,,,,,,,,,,
,,484968,-0.12389829362278,0.00778894917557349,0.212113843621399,0.376722897119341,,,,,,,,,,,,,,,,,,,,,,,,,,,,,,,,,,,,,,,,,,,
,,488976,-0.00867195617422067,0.106554381274339,0.212113843621399,0.376722897119341,,,,,,,,,,,,,,,,,,,,,,,,,,,,,,,,,,,,,,,,,,,
,,492984,0.0736325705747505,0.106554381274339,0.212113843621399,0.376722897119341,,,,,,,,,,,,,,,,,,,,,,,,,,,,,,,,,,,,,,,,,,,
,,496992,-0.0415937668738092,0.139476191973927,0.212113843621399,0.376722897119341,,,,,,,,,,,,,,,,,,,,,,,,,,,,,,,,,,,,,,,,,,,
,,501000,-0.107437388272986,0.00778894917557349,0.0475047901234564,0.376722897119341,,,,,,,,,,,,,,,,,,,,,,,,,,,,,,,,,,,,,,,,,,,
,,505008,-0.156820104322369,-0.0580546722236035,0.212113843621399,0.376722897119341,,,,,,,,,,,,,,,,,,,,,,,,,,,,,,,,,,,,,,,,,,,
,,509016,-0.12389829362278,0.0407107598751619,0.212113843621399,0.376722897119341,,,,,,,,,,,,,,,,,,,,,,,,,,,,,,,,,,,,,,,,,,,
,,513024,0.0242498545253678,0.123015286624133,0.212113843621399,0.376722897119341,,,,,,,,,,,,,,,,,,,,,,,,,,,,,,,,,,,,,,,,,,,
,,517032,0.0571716652249563,0.139476191973927,0.212113843621399,0.376722897119341,,,,,,,,,,,,,,,,,,,,,,,,,,,,,,,,,,,,,,,,,,,
,,521040,-0.0909764829231919,0.106554381274339,0.212113843621399,0.376722897119341,,,,,,,,,,,,,,,,,,,,,,,,,,,,,,,,,,,,,,,,,,,
,,525048,-0.140359198972575,-0.0580546722236035,0.212113843621399,0.376722897119341,,,,,,,,,,,,,,,,,,,,,,,,,,,,,,,,,,,,,,,,,,,
,,529056,-0.156820104322369,-0.0415937668738092,0.0475047901234564,0.376722897119341,,,,,,,,,,,,,,,,,,,,,,,,,,,,,,,,,,,,,,,,,,,
,,533064,-0.0580546722236035,0.106554381274339,0.212113843621399,0.376722897119341,,,,,,,,,,,,,,,,,,,,,,,,,,,,,,,,,,,,,,,,,,,
,,537072,0.0736325705747505,0.123015286624133,0.212113843621399,0.376722897119341,,,,,,,,,,,,,,,,,,,,,,,,,,,,,,,,,,,,,,,,,,,
,,541080,-0.00867195617422067,0.155937097323722,0.212113843621399,0.376722897119341,,,,,,,,,,,,,,,,,,,,,,,,,,,,,,,,,,,,,,,,,,,
,,545088,-0.12389829362278,-0.00867195617422067,0.212113843621399,0.376722897119341,,,,,,,,,,,,,,,,,,,,,,,,,,,,,,,,,,,,,,,,,,,
,,549096,-0.140359198972575,-0.0415937668738092,0.212113843621399,0.376722897119341,,,,,,,,,,,,,,,,,,,,,,,,,,,,,,,,,,,,,,,,,,,
,,553104,-0.107437388272986,0.0242498545253678,0.212113843621399,0.376722897119341,,,,,,,,,,,,,,,,,,,,,,,,,,,,,,,,,,,,,,,,,,,
,,557112,0.00778894917557349,0.106554381274339,0.212113843621399,0.376722897119341,,,,,,,,,,,,,,,,,,,,,,,,,,,,,,,,,,,,,,,,,,,
,,561120,0.0407107598751619,0.123015286624133,0.212113843621399,0.376722897119341,,,,,,,,,,,,,,,,,,,,,,,,,,,,,,,,,,,,,,,,,,,
,,565128,-0.0580546722236035,0.0900934759245446,0.212113843621399,0.376722897119341,,,,,,,,,,,,,,,,,,,,,,,,,,,,,,,,,,,,,,,,,,,
,,569136,-0.12389829362278,-0.0415937668738092,0.212113843621399,0.376722897119341,,,,,,,,,,,,,,,,,,,,,,,,,,,,,,,,,,,,,,,,,,,
,,573144,-0.156820104322369,-0.0415937668738092,0.212113843621399,0.376722897119341,,,,,,,,,,,,,,,,,,,,,,,,,,,,,,,,,,,,,,,,,,,
,,577152,-0.0909764829231919,0.0736325705747505,0.212113843621399,0.376722897119341,,,,,,,,,,,,,,,,,,,,,,,,,,,,,,,,,,,,,,,,,,,
,,581160,0.0571716652249563,0.123015286624133,0.212113843621399,0.376722897119341,,,,,,,,,,,,,,,,,,,,,,,,,,,,,,,,,,,,,,,,,,,
,,585168,0.00778894917557349,0.155937097323722,0.212113843621399,0.376722897119341,,,,,,,,,,,,,,,,,,,,,,,,,,,,,,,,,,,,,,,,,,,
,,589176,-0.12389829362278,0.0242498545253678,0.212113843621399,0.376722897119341,,,,,,,,,,,,,,,,,,,,,,,,,,,,,,,,,,,,,,,,,,,
,,593184,-0.140359198972575,-0.0909764829231919,0.212113843621399,0.376722897119341,,,,,,,,,,,,,,,,,,,,,,,,,,,,,,,,,,,,,,,,,,,
,,597192,-0.173281009672163,0.0407107598751619,0.212113843621399,0.376722897119341,,,,,,,,,,,,,,,,,,,,,,,,,,,,,,,,,,,,,,,,,,,
,,601200,-0.00867195617422067,0.123015286624133,0.212113843621399,0.376722897119341,,,,,,,,,,,,,,,,,,,,,,,,,,,,,,,,,,,,,,,,,,,
,,605208,0.0407107598751619,0.123015286624133,0.212113843621399,0.376722897119341,,,,,,,,,,,,,,,,,,,,,,,,,,,,,,,,,,,,,,,,,,,
,,609216,-0.0745155775733977,0.0900934759245446,0.212113843621399,0.376722897119341,,,,,,,,,,,,,,,,,,,,,,,,,,,,,,,,,,,,,,,,,,,
,,613224,-0.12389829362278,-0.0415937668738092,0.212113843621399,0.376722897119341,,,,,,,,,,,,,,,,,,,,,,,,,,,,,,,,,,,,,,,,,,,
,,617232,-0.12389829362278,-0.0251328615240149,0.212113843621399,0.376722897119341,,,,,,,,,,,,,,,,,,,,,,,,,,,,,,,,,,,,,,,,,,,
,,621240,-0.0909764829231919,0.0571716652249563,0.212113843621399,0.376722897119341,,,,,,,,,,,,,,,,,,,,,,,,,,,,,,,,,,,,,,,,,,,
,,625248,0.0407107598751619,0.106554381274339,0.212113843621399,0.376722897119341,,,,,,,,,,,,,,,,,,,,,,,,,,,,,,,,,,,,,,,,,,,
,,629256,0.0242498545253678,0.106554381274339,0.212113843621399,0.376722897119341,,,,,,,,,,,,,,,,,,,,,,,,,,,,,,,,,,,,,,,,,,,
,,633264,-0.0909764829231919,0.0407107598751619,0.212113843621399,0.376722897119341,,,,,,,,,,,,,,,,,,,,,,,,,,,,,,,,,,,,,,,,,,,
,,637272,-0.12389829362278,-0.0580546722236035,0.212113843621399,0.376722897119341,,,,,,,,,,,,,,,,,,,,,,,,,,,,,,,,,,,,,,,,,,,
,,641280,-0.156820104322369,-0.0251328615240149,0.212113843621399,0.376722897119341,,,,,,,,,,,,,,,,,,,,,,,,,,,,,,,,,,,,,,,,,,,
,,645288,-0.0415937668738092,0.106554381274339,0.212113843621399,0.376722897119341,,,,,,,,,,,,,,,,,,,,,,,,,,,,,,,,,,,,,,,,,,,
,,649296,0.0736325705747505,0.123015286624133,0.212113843621399,0.376722897119341,,,,,,,,,,,,,,,,,,,,,,,,,,,,,,,,,,,,,,,,,,,
,,653304,-0.0415937668738092,0.155937097323722,0.212113843621399,0.376722897119341,,,,,,,,,,,,,,,,,,,,,,,,,,,,,,,,,,,,,,,,,,,
,,657312,-0.12389829362278,-0.00867195617422067,0.212113843621399,0.376722897119341,,,,,,,,,,,,,,,,,,,,,,,,,,,,,,,,,,,,,,,,,,,
,,661320,-0.140359198972575,-0.0415937668738092,0.212113843621399,0.376722897119341,,,,,,,,,,,,,,,,,,,,,,,,,,,,,,,,,,,,,,,,,,,
,,665328,-0.107437388272986,0.0571716652249563,0.212113843621399,0.376722897119341,,,,,,,,,,,,,,,,,,,,,,,,,,,,,,,,,,,,,,,,,,,
,,669336,0.0407107598751619,0.123015286624133,0.212113843621399,0.376722897119341,,,,,,,,,,,,,,,,,,,,,,,,,,,,,,,,,,,,,,,,,,,
,,673344,0.00778894917557349,0.106554381274339,0.212113843621399,0.376722897119341,,,,,,,,,,,,,,,,,,,,,,,,,,,,,,,,,,,,,,,,,,,
,,677352,-0.0909764829231919,0.0736325705747505,0.0475047901234564,0.376722897119341,,,,,,,,,,,,,,,,,,,,,,,,,,,,,,,,,,,,,,,,,,,
,,681360,-0.12389829362278,-0.0580546722236035,0.212113843621399,0.376722897119341,,,,,,,,,,,,,,,,,,,,,,,,,,,,,,,,,,,,,,,,,,,
,,685368,-0.140359198972575,-0.0251328615240149,0.212113843621399,0.376722897119341,,,,,,,,,,,,,,,,,,,,,,,,,,,,,,,,,,,,,,,,,,,
,,689376,-0.0415937668738092,0.106554381274339,0.212113843621399,0.376722897119341,,,,,,,,,,,,,,,,,,,,,,,,,,,,,,,,,,,,,,,,,,,
,,693384,0.0736325705747505,0.155937097323722,0.212113843621399,0.376722897119341,,,,,,,,,,,,,,,,,,,,,,,,,,,,,,,,,,,,,,,,,,,
,,697392,0.0571716652249563,0.221780718722899,0.0475047901234564,0.376722897119341,,,,,,,,,,,,,,,,,,,,,,,,,,,,,,,,,,,,,,,,,,,
,,701400,-0.0909764829231919,0.0736325705747505,0.212113843621399,0.376722897119341,,,,,,,,,,,,,,,,,,,,,,,,,,,,,,,,,,,,,,,,,,,
,,705408,-0.206202820371752,-0.0580546722236035,0.212113843621399,0.376722897119341,,,,,,,,,,,,,,,,,,,,,,,,,,,,,,,,,,,,,,,,,,,
,,709416,-0.173281009672163,-0.0415937668738092,0.212113843621399,0.376722897119341,,,,,,,,,,,,,,,,,,,,,,,,,,,,,,,,,,,,,,,,,,,
,,713424,-0.0580546722236035,0.0736325705747505,0.212113843621399,0.376722897119341,,,,,,,,,,,,,,,,,,,,,,,,,,,,,,,,,,,,,,,,,,,
,,717432,0.0242498545253678,0.106554381274339,0.0475047901234564,0.376722897119341,,,,,,,,,,,,,,,,,,,,,,,,,,,,,,,,,,,,,,,,,,,
,,721440,-0.0415937668738092,0.0900934759245446,0.0475047901234564,0.376722897119341,,,,,,,,,,,,,,,,,,,,,,,,,,,,,,,,,,,,,,,,,,,
,,725448,-0.107437388272986,-0.0251328615240149,0.212113843621399,0.376722897119341,,,,,,,,,,,,,,,,,,,,,,,,,,,,,,,,,,,,,,,,,,,
,,729456,-0.12389829362278,-0.0251328615240149,0.212113843621399,0.376722897119341,,,,,,,,,,,,,,,,,,,,,,,,,,,,,,,,,,,,,,,,,,,
,,733464,-0.0580546722236035,0.0736325705747505,0.212113843621399,0.376722897119341,,,,,,,,,,,,,,,,,,,,,,,,,,,,,,,,,,,,,,,,,,,
,,737472,0.0407107598751619,0.106554381274339,0.212113843621399,0.376722897119341,,,,,,,,,,,,,,,,,,,,,,,,,,,,,,,,,,,,,,,,,,,
,,741480,-0.00867195617422067,0.123015286624133,0.212113843621399,0.376722897119341,,,,,,,,,,,,,,,,,,,,,,,,,,,,,,,,,,,,,,,,,,,
,,745488,-0.0909764829231919,0.00778894917557349,0.212113843621399,0.376722897119341,,,,,,,,,,,,,,,,,,,,,,,,,,,,,,,,,,,,,,,,,,,
,,749496,-0.12389829362278,-0.0580546722236035,0.212113843621399,0.376722897119341,,,,,,,,,,,,,,,,,,,,,,,,,,,,,,,,,,,,,,,,,,,
,,753504,-0.156820104322369,0.0242498545253678,0.212113843621399,0.376722897119341,,,,,,,,,,,,,,,,,,,,,,,,,,,,,,,,,,,,,,,,,,,
,,757512,-0.0251328615240149,0.106554381274339,0.212113843621399,0.376722897119341,,,,,,,,,,,,,,,,,,,,,,,,,,,,,,,,,,,,,,,,,,,
,,761520,0.0571716652249563,0.139476191973927,0.212113843621399,0.376722897119341,,,,,,,,,,,,,,,,,,,,,,,,,,,,,,,,,,,,,,,,,,,
,,765528,-0.0415937668738092,0.106554381274339,0.212113843621399,0.376722897119341,,,,,,,,,,,,,,,,,,,,,,,,,,,,,,,,,,,,,,,,,,,
,,769536,-0.12389829362278,-0.0251328615240149,0.212113843621399,0.376722897119341,,,,,,,,,,,,,,,,,,,,,,,,,,,,,,,,,,,,,,,,,,,
,,773544,-0.156820104322369,-0.0415937668738092,0.212113843621399,0.376722897119341,,,,,,,,,,,,,,,,,,,,,,,,,,,,,,,,,,,,,,,,,,,
,,777552,-0.12389829362278,0.0736325705747505,0.212113843621399,0.376722897119341,,,,,,,,,,,,,,,,,,,,,,,,,,,,,,,,,,,,,,,,,,,
,,781560,0.0571716652249563,0.123015286624133,0.212113843621399,0.376722897119341,,,,,,,,,,,,,,,,,,,,,,,,,,,,,,,,,,,,,,,,,,,
,,785568,0.0407107598751619,0.139476191973927,0.212113843621399,0.376722897119341,,,,,,,,,,,,,,,,,,,,,,,,,,,,,,,,,,,,,,,,,,,
,,789576,-0.107437388272986,0.0571716652249563,0.212113843621399,0.376722897119341,,,,,,,,,,,,,,,,,,,,,,,,,,,,,,,,,,,,,,,,,,,
,,793584,-0.140359198972575,-0.0745155775733977,0.212113843621399,0.376722897119341,,,,,,,,,,,,,,,,,,,,,,,,,,,,,,,,,,,,,,,,,,,
,,797592,-0.156820104322369,0.00778894917557349,0.212113843621399,0.376722897119341,,,,,,,,,,,,,,,,,,,,,,,,,,,,,,,,,,,,,,,,,,,
,,801600,-0.0251328615240149,0.106554381274339,0.212113843621399,0.376722897119341,,,,,,,,,,,,,,,,,,,,,,,,,,,,,,,,,,,,,,,,,,,
,,805608,0.0571716652249563,0.106554381274339,0.212113843621399,0.376722897119341,,,,,,,,,,,,,,,,,,,,,,,,,,,,,,,,,,,,,,,,,,,
,,809616,-0.0415937668738092,0.123015286624133,0.212113843621399,0.376722897119341,,,,,,,,,,,,,,,,,,,,,,,,,,,,,,,,,,,,,,,,,,,
,,813624,-0.12389829362278,-0.00867195617422067,0.212113843621399,0.376722897119341,,,,,,,,,,,,,,,,,,,,,,,,,,,,,,,,,,,,,,,,,,,
,,817632,-0.12389829362278,-0.0251328615240149,0.212113843621399,0.376722897119341,,,,,,,,,,,,,,,,,,,,,,,,,,,,,,,,,,,,,,,,,,,
,,821640,-0.107437388272986,0.0407107598751619,0.212113843621399,0.376722897119341,,,,,,,,,,,,,,,,,,,,,,,,,,,,,,,,,,,,,,,,,,,
,,825648,0.0242498545253678,0.123015286624133,0.212113843621399,0.376722897119341,,,,,,,,,,,,,,,,,,,,,,,,,,,,,,,,,,,,,,,,,,,
,,829656,0.0242498545253678,0.123015286624133,0.0475047901234564,0.376722897119341,,,,,,,,,,,,,,,,,,,,,,,,,,,,,,,,,,,,,,,,,,,
,,833664,-0.0909764829231919,0.0736325705747505,0.212113843621399,0.376722897119341,,,,,,,,,,,,,,,,,,,,,,,,,,,,,,,,,,,,,,,,,,,
,,837672,-0.140359198972575,-0.0415937668738092,0.212113843621399,0.376722897119341,,,,,,,,,,,,,,,,,,,,,,,,,,,,,,,,,,,,,,,,,,,
,,841680,-0.156820104322369,-0.0251328615240149,0.212113843621399,0.376722897119341,,,,,,,,,,,,,,,,,,,,,,,,,,,,,,,,,,,,,,,,,,,
,,845688,-0.0580546722236035,0.106554381274339,0.212113843621399,0.376722897119341,,,,,,,,,,,,,,,,,,,,,,,,,,,,,,,,,,,,,,,,,,,
,,849696,0.0736325705747505,0.123015286624133,0.212113843621399,0.376722897119341,,,,,,,,,,,,,,,,,,,,,,,,,,,,,,,,,,,,,,,,,,,
,,853704,-0.0251328615240149,0.155937097323722,0.212113843621399,0.376722897119341,,,,,,,,,,,,,,,,,,,,,,,,,,,,,,,,,,,,,,,,,,,
,,857712,-0.12389829362278,-0.00867195617422067,0.212113843621399,0.376722897119341,,,,,,,,,,,,,,,,,,,,,,,,,,,,,,,,,,,,,,,,,,,
,,861720,-0.140359198972575,-0.0415937668738092,0.212113843621399,0.376722897119341,,,,,,,,,,,,,,,,,,,,,,,,,,,,,,,,,,,,,,,,,,,
,,865728,-0.107437388272986,0.0242498545253678,0.212113843621399,0.376722897119341,,,,,,,,,,,,,,,,,,,,,,,,,,,,,,,,,,,,,,,,,,,
,,869736,0.00778894917557349,0.106554381274339,0.212113843621399,0.376722897119341,,,,,,,,,,,,,,,,,,,,,,,,,,,,,,,,,,,,,,,,,,,
,,873744,0.0242498545253678,0.123015286624133,0.212113843621399,0.376722897119341,,,,,,,,,,,,,,,,,,,,,,,,,,,,,,,,,,,,,,,,,,,
,,877752,-0.0580546722236035,0.106554381274339,0.0475047901234564,0.376722897119341,,,,,,,,,,,,,,,,,,,,,,,,,,,,,,,,,,,,,,,,,,,
,,881760,-0.107437388272986,-0.0415937668738092,0.212113843621399,0.376722897119341,,,,,,,,,,,,,,,,,,,,,,,,,,,,,,,,,,,,,,,,,,,
,,885768,-0.140359198972575,-0.0415937668738092,0.212113843621399,0.376722897119341,,,,,,,,,,,,,,,,,,,,,,,,,,,,,,,,,,,,,,,,,,,
,,889776,-0.0745155775733977,0.0571716652249563,0.212113843621399,0.376722897119341,,,,,,,,,,,,,,,,,,,,,,,,,,,,,,,,,,,,,,,,,,,
,,893784,0.0571716652249563,0.123015286624133,0.212113843621399,0.376722897119341,,,,,,,,,,,,,,,,,,,,,,,,,,,,,,,,,,,,,,,,,,,
,,897792,0.0242498545253678,0.155937097323722,0.212113843621399,0.376722897119341,,,,,,,,,,,,,,,,,,,,,,,,,,,,,,,,,,,,,,,,,,,
,,901800,-0.107437388272986,0.0407107598751619,0.212113843621399,0.376722897119341,,,,,,,,,,,,,,,,,,,,,,,,,,,,,,,,,,,,,,,,,,,
,,905808,-0.140359198972575,-0.0909764829231919,0.212113843621399,0.376722897119341,,,,,,,,,,,,,,,,,,,,,,,,,,,,,,,,,,,,,,,,,,,
,,909816,-0.156820104322369,0.0242498545253678,0.0475047901234564,0.376722897119341,,,,,,,,,,,,,,,,,,,,,,,,,,,,,,,,,,,,,,,,,,,
,,913824,-0.00867195617422067,0.123015286624133,0.0475047901234564,0.376722897119341,,,,,,,,,,,,,,,,,,,,,,,,,,,,,,,,,,,,,,,,,,,
,,917832,0.0407107598751619,0.123015286624133,0.212113843621399,0.376722897119341,,,,,,,,,,,,,,,,,,,,,,,,,,,,,,,,,,,,,,,,,,,
,,921840,-0.0580546722236035,0.123015286624133,0.212113843621399,0.376722897119341,,,,,,,,,,,,,,,,,,,,,,,,,,,,,,,,,,,,,,,,,,,
,,925848,-0.12389829362278,-0.0415937668738092,0.212113843621399,0.376722897119341,,,,,,,,,,,,,,,,,,,,,,,,,,,,,,,,,,,,,,,,,,,
,,929856,-0.12389829362278,-0.0251328615240149,0.212113843621399,0.376722897119341,,,,,,,,,,,,,,,,,,,,,,,,,,,,,,,,,,,,,,,,,,,
,,933864,-0.0909764829231919,0.0736325705747505,0.212113843621399,0.376722897119341,,,,,,,,,,,,,,,,,,,,,,,,,,,,,,,,,,,,,,,,,,,
,,937872,0.0242498545253678,0.106554381274339,0.212113843621399,0.376722897119341,,,,,,,,,,,,,,,,,,,,,,,,,,,,,,,,,,,,,,,,,,,
,,941880,0.0407107598751619,0.155937097323722,0.212113843621399,0.376722897119341,,,,,,,,,,,,,,,,,,,,,,,,,,,,,,,,,,,,,,,,,,,
,,945888,-0.0909764829231919,0.0571716652249563,0.212113843621399,0.376722897119341,,,,,,,,,,,,,,,,,,,,,,,,,,,,,,,,,,,,,,,,,,,
,,949896,-0.140359198972575,-0.0580546722236035,0.212113843621399,0.376722897119341,,,,,,,,,,,,,,,,,,,,,,,,,,,,,,,,,,,,,,,,,,,
,,953904,-0.206202820371752,-0.0580546722236035,0.212113843621399,0.376722897119341,,,,,,,,,,,,,,,,,,,,,,,,,,,,,,,,,,,,,,,,,,,
,,957912,-0.107437388272986,0.0571716652249563,0.212113843621399,0.376722897119341,,,,,,,,,,,,,,,,,,,,,,,,,,,,,,,,,,,,,,,,,,,
,,961920,0.0407107598751619,0.155937097323722,0.0475047901234564,0.376722897119341,,,,,,,,,,,,,,,,,,,,,,,,,,,,,,,,,,,,,,,,,,,
,,965928,0.0900934759245446,0.18885890802331,0.212113843621399,0.376722897119341,,,,,,,,,,,,,,,,,,,,,,,,,,,,,,,,,,,,,,,,,,,
,,969936,-0.0251328615240149,0.123015286624133,0.212113843621399,0.376722897119341,,,,,,,,,,,,,,,,,,,,,,,,,,,,,,,,,,,,,,,,,,,
,,973944,-0.173281009672163,0.00778894917557349,0.212113843621399,0.376722897119341,,,,,,,,,,,,,,,,,,,,,,,,,,,,,,,,,,,,,,,,,,,
,,977952,-0.189741915021957,-0.107437388272986,0.212113843621399,0.376722897119341,,,,,,,,,,,,,,,,,,,,,,,,,,,,,,,,,,,,,,,,,,,
,,981960,-0.189741915021957,-0.12389829362278,0.212113843621399,0.376722897119341,,,,,,,,,,,,,,,,,,,,,,,,,,,,,,,,,,,,,,,,,,,
,,985968,-0.140359198972575,0.0407107598751619,0.212113843621399,0.376722897119341,,,,,,,,,,,,,,,,,,,,,,,,,,,,,,,,,,,,,,,,,,,
,,989976,0.0242498545253678,0.205319813373104,0.0475047901234564,0.376722897119341,,,,,,,,,,,,,,,,,,,,,,,,,,,,,,,,,,,,,,,,,,,
,,993984,0.18885890802331,0.30408524547187,0.212113843621399,0.376722897119341,,,,,,,,,,,,,,,,,,,,,,,,,,,,,,,,,,,,,,,,,,,
,,997992,0.106554381274339,0.30408524547187,0.0475047901234564,0.376722897119341,,,,,,,,,,,,,,,,,,,,,,,,,,,,,,,,,,,,,,,,,,,
,,1002000,-0.173281009672163,0.123015286624133,0.212113843621399,0.376722897119341,,,,,,,,,,,,,,,,,,,,,,,,,,,,,,,,,,,,,,,,,,,
,,1006008,-0.370811873869694,-0.156820104322369,0.212113843621399,0.376722897119341,,,,,,,,,,,,,,,,,,,,,,,,,,,,,,,,,,,,,,,,,,,
,,1010016,-0.403733684569282,-0.23912463107134,0.212113843621399,0.376722897119341,,,,,,,,,,,,,,,,,,,,,,,,,,,,,,,,,,,,,,,,,,,
,,1014024,-0.272046441770929,0.0571716652249563,0.212113843621399,0.376722897119341,,,,,,,,,,,,,,,,,,,,,,,,,,,,,,,,,,,,,,,,,,,
,,1018032,0.0571716652249563,0.402850677570635,0.212113843621399,0.376722897119341,,,,,,,,,,,,,,,,,,,,,,,,,,,,,,,,,,,,,,,,,,,
,,1022040,0.353467961521253,0.435772488270224,0.212113843621399,0.376722897119341,,,,,,,,,,,,,,,,,,,,,,,,,,,,,,,,,,,,,,,,,,,
,,1026048,0.0407107598751619,0.402850677570635,0.0475047901234564,0.376722897119341,,,,,,,,,,,,,,,,,,,,,,,,,,,,,,,,,,,,,,,,,,,
,,1030056,-0.3543509685199,0.0571716652249563,0.212113843621399,0.376722897119341,,,,,,,,,,,,,,,,,,,,,,,,,,,,,,,,,,,,,,,,,,,
,,1034064,-0.551881832717431,-0.3543509685199,0.212113843621399,0.376722897119341,,,,,,,,,,,,,,,,,,,,,,,,,,,,,,,,,,,,,,,,,,,
,,1038072,-0.535420927367636,-0.173281009672163,0.212113843621399,0.376722897119341,,,,,,,,,,,,,,,,,,,,,,,,,,,,,,,,,,,,,,,,,,,
,,1042080,-0.189741915021957,0.320546150821664,0.212113843621399,0.376722897119341,,,,,,,,,,,,,,,,,,,,,,,,,,,,,,,,,,,,,,,,,,,
,,1046088,0.30408524547187,0.567459731068578,0.212113843621399,0.376722897119341,,,,,,,,,,,,,,,,,,,,,,,,,,,,,,,,,,,,,,,,,,,
,,1050096,0.271163434772281,0.583920636418372,0.212113843621399,0.376722897119341,,,,,,,,,,,,,,,,,,,,,,,,,,,,,,,,,,,,,,,,,,,
,,1054104,-0.288507347120723,0.287624340122075,0.212113843621399,0.376722897119341,,,,,,,,,,,,,,,,,,,,,,,,,,,,,,,,,,,,,,,,,,,
,,1058112,-0.584803643417019,-0.272046441770929,0.0475047901234564,0.376722897119341,,,,,,,,,,,,,,,,,,,,,,,,,,,,,,,,,,,,,,,,,,,
,,1062120,-0.601264548766813,-0.370811873869694,0.0475047901234564,0.376722897119341,,,,,,,,,,,,,,,,,,,,,,,,,,,,,,,,,,,,,,,,,,,
,,1066128,-0.370811873869694,0.18885890802331,0.212113843621399,0.376722897119341,,,,,,,,,,,,,,,,,,,,,,,,,,,,,,,,,,,,,,,,,,,
,,1070136,0.18885890802331,0.583920636418372,0.212113843621399,0.376722897119341,,,,,,,,,,,,,,,,,,,,,,,,,,,,,,,,,,,,,,,,,,,
,,1074144,0.435772488270224,0.600381541768166,0.212113843621399,0.376722897119341,,,,,,,,,,,,,,,,,,,,,,,,,,,,,,,,,,,,,,,,,,,
,,1078152,-0.107437388272986,0.485155204319607,0.0475047901234564,0.376722897119341,,,,,,,,,,,,,,,,,,,,,,,,,,,,,,,,,,,,,,,,,,,
,,1082160,-0.568342738067225,-0.107437388272986,0.0475047901234564,0.376722897119341,,,,,,,,,,,,,,,,,,,,,,,,,,,,,,,,,,,,,,,,,,,
,,1086168,-0.617725454116608,-0.502499116668048,0.212113843621399,0.376722897119341,,,,,,,,,,,,,,,,,,,,,,,,,,,,,,,,,,,,,,,,,,,
,,1090176,-0.502499116668048,0.0242498545253678,0.212113843621399,0.376722897119341,,,,,,,,,,,,,,,,,,,,,,,,,,,,,,,,,,,,,,,,,,,
,,1094184,0.00778894917557349,0.485155204319607,0.0475047901234564,0.376722897119341,,,,,,,,,,,,,,,,,,,,,,,,,,,,,,,,,,,,,,,,,,,
,,1098192,0.452233393620018,0.600381541768166,0.212113843621399,0.376722897119341,,,,,,,,,,,,,,,,,,,,,,,,,,,,,,,,,,,,,,,,,,,
,,1102200,0.0736325705747505,0.485155204319607,0.212113843621399,0.376722897119341,,,,,,,,,,,,,,,,,,,,,,,,,,,,,,,,,,,,,,,,,,,
,,1106208,-0.288507347120723,0.0900934759245446,0.212113843621399,0.376722897119341,,,,,,,,,,,,,,,,,,,,,,,,,,,,,,,,,,,,,,,,,,,
,,1110216,-0.420194589919077,-0.272046441770929,0.0475047901234564,0.376722897119341,,,,,,,,,,,,,,,,,,,,,,,,,,,,,,,,,,,,,,,,,,,
,,1114224,-0.420194589919077,-0.206202820371752,0.212113843621399,0.376722897119341,,,,,,,,,,,,,,,,,,,,,,,,,,,,,,,,,,,,,,,,,,,
,,1118232,-0.222663725721546,0.0736325705747505,0.212113843621399,0.376722897119341,,,,,,,,,,,,,,,,,,,,,,,,,,,,,,,,,,,,,,,,,,,
,,1122240,0.0242498545253678,0.238241624072693,0.212113843621399,0.376722897119341,,,,,,,,,,,,,,,,,,,,,,,,,,,,,,,,,,,,,,,,,,,
,,1126248,0.205319813373104,0.254702529422487,0.212113843621399,0.376722897119341,,,,,,,,,,,,,,,,,,,,,,,,,,,,,,,,,,,,,,,,,,,
,,1130256,0.0571716652249563,0.238241624072693,0.212113843621399,0.376722897119341,,,,,,,,,,,,,,,,,,,,,,,,,,,,,,,,,,,,,,,,,,,
,,1134264,-0.0580546722236035,0.0900934759245446,0.212113843621399,0.376722897119341,,,,,,,,,,,,,,,,,,,,,,,,,,,,,,,,,,,,,,,,,,,
,,1138272,-0.12389829362278,-0.0251328615240149,0.212113843621399,0.376722897119341,,,,,,,,,,,,,,,,,,,,,,,,,,,,,,,,,,,,,,,,,,,
,,1142280,-0.173281009672163,-0.0745155775733977,0.212113843621399,0.376722897119341,,,,,,,,,,,,,,,,,,,,,,,,,,,,,,,,,,,,,,,,,,,
,,1146288,-0.156820104322369,-0.107437388272986,0.0475047901234564,0.376722897119341,,,,,,,,,,,,,,,,,,,,,,,,,,,,,,,,,,,,,,,,,,,
,,1150296,-0.140359198972575,-0.0251328615240149,0.212113843621399,0.376722897119341,,,,,,,,,,,,,,,,,,,,,,,,,,,,,,,,,,,,,,,,,,,
,,1154304,-0.0745155775733977,0.123015286624133,0.212113843621399,0.376722897119341,,,,,,,,,,,,,,,,,,,,,,,,,,,,,,,,,,,,,,,,,,,
,,1158312,0.0900934759245446,0.205319813373104,0.0475047901234564,0.376722897119341,,,,,,,,,,,,,,,,,,,,,,,,,,,,,,,,,,,,,,,,,,,
,,1162320,0.0900934759245446,0.205319813373104,0.212113843621399,0.376722897119341,,,,,,,,,,,,,,,,,,,,,,,,,,,,,,,,,,,,,,,,,,,
,,1166328,-0.0745155775733977,0.123015286624133,0.212113843621399,0.376722897119341,,,,,,,,,,,,,,,,,,,,,,,,,,,,,,,,,,,,,,,,,,,
,,1170336,-0.189741915021957,-0.0580546722236035,0.212113843621399,0.376722897119341,,,,,,,,,,,,,,,,,,,,,,,,,,,,,,,,,,,,,,,,,,,
,,1174344,-0.206202820371752,-0.0580546722236035,0.212113843621399,0.376722897119341,,,,,,,,,,,,,,,,,,,,,,,,,,,,,,,,,,,,,,,,,,,
,,1178352,-0.140359198972575,0.0407107598751619,0.212113843621399,0.376722897119341,,,,,,,,,,,,,,,,,,,,,,,,,,,,,,,,,,,,,,,,,,,
,,1182360,0.0242498545253678,0.155937097323722,0.212113843621399,0.376722897119341,,,,,,,,,,,,,,,,,,,,,,,,,,,,,,,,,,,,,,,,,,,
,,1186368,0.0571716652249563,0.155937097323722,0.212113843621399,0.376722897119341,,,,,,,,,,,,,,,,,,,,,,,,,,,,,,,,,,,,,,,,,,,
,,1190376,-0.0745155775733977,0.106554381274339,0.212113843621399,0.376722897119341,,,,,,,,,,,,,,,,,,,,,,,,,,,,,,,,,,,,,,,,,,,
,,1194384,-0.12389829362278,-0.0415937668738092,0.212113843621399,0.376722897119341,,,,,,,,,,,,,,,,,,,,,,,,,,,,,,,,,,,,,,,,,,,
,,1198392,-0.173281009672163,-0.0580546722236035,0.212113843621399,0.376722897119341,,,,,,,,,,,,,,,,,,,,,,,,,,,,,,,,,,,,,,,,,,,
,,1202400,-0.0909764829231919,0.0571716652249563,0.212113843621399,0.376722897119341,,,,,,,,,,,,,,,,,,,,,,,,,,,,,,,,,,,,,,,,,,,
,,1206408,0.0407107598751619,0.123015286624133,0.212113843621399,0.376722897119341,,,,,,,,,,,,,,,,,,,,,,,,,,,,,,,,,,,,,,,,,,,
,,1210416,0.00778894917557349,0.155937097323722,0.212113843621399,0.376722897119341,,,,,,,,,,,,,,,,,,,,,,,,,,,,,,,,,,,,,,,,,,,
,,1214424,-0.107437388272986,0.0407107598751619,0.0475047901234564,0.376722897119341,,,,,,,,,,,,,,,,,,,,,,,,,,,,,,,,,,,,,,,,,,,
,,1218432,-0.12389829362278,-0.0745155775733977,0.212113843621399,0.376722897119341,,,,,,,,,,,,,,,,,,,,,,,,,,,,,,,,,,,,,,,,,,,
,,1222440,-0.156820104322369,0.00778894917557349,0.212113843621399,0.376722897119341,,,,,,,,,,,,,,,,,,,,,,,,,,,,,,,,,,,,,,,,,,,
,,1226448,-0.00867195617422067,0.123015286624133,0.212113843621399,0.376722897119341,,,,,,,,,,,,,,,,,,,,,,,,,,,,,,,,,,,,,,,,,,,
,,1230456,0.0407107598751619,0.139476191973927,0.212113843621399,0.376722897119341,,,,,,,,,,,,,,,,,,,,,,,,,,,,,,,,,,,,,,,,,,,
,,1234464,-0.0745155775733977,0.106554381274339,0.212113843621399,0.376722897119341,,,,,,,,,,,,,,,,,,,,,,,,,,,,,,,,,,,,,,,,,,,
,,1238472,-0.12389829362278,-0.0415937668738092,0.212113843621399,0.376722897119341,,,,,,,,,,,,,,,,,,,,,,,,,,,,,,,,,,,,,,,,,,,
,,1242480,-0.12389829362278,-0.0251328615240149,0.212113843621399,0.376722897119341,,,,,,,,,,,,,,,,,,,,,,,,,,,,,,,,,,,,,,,,,,,
,,1246488,-0.0745155775733977,0.0736325705747505,0.212113843621399,0.376722897119341,,,,,,,,,,,,,,,,,,,,,,,,,,,,,,,,,,,,,,,,,,,
,,1250496,0.0407107598751619,0.106554381274339,0.212113843621399,0.376722897119341,,,,,,,,,,,,,,,,,,,,,,,,,,,,,,,,,,,,,,,,,,,
,,1254504,0.0242498545253678,0.123015286624133,0.0475047901234564,0.376722897119341,,,,,,,,,,,,,,,,,,,,,,,,,,,,,,,,,,,,,,,,,,,
,,1258512,-0.0909764829231919,0.0571716652249563,0.212113843621399,0.376722897119341,,,,,,,,,,,,,,,,,,,,,,,,,,,,,,,,,,,,,,,,,,,
,,1262520,-0.107437388272986,-0.0580546722236035,0.212113843621399,0.376722897119341,,,,,,,,,,,,,,,,,,,,,,,,,,,,,,,,,,,,,,,,,,,
,,1266528,-0.12389829362278,-0.00867195617422067,0.212113843621399,0.376722897119341,,,,,,,,,,,,,,,,,,,,,,,,,,,,,,,,,,,,,,,,,,,
,,1270536,-0.0415937668738092,0.106554381274339,0.212113843621399,0.376722897119341,,,,,,,,,,,,,,,,,,,,,,,,,,,,,,,,,,,,,,,,,,,
,,1274544,0.0571716652249563,0.123015286624133,0.212113843621399,0.376722897119341,,,,,,,,,,,,,,,,,,,,,,,,,,,,,,,,,,,,,,,,,,,
,,1278552,-0.0415937668738092,0.139476191973927,0.212113843621399,0.376722897119341,,,,,,,,,,,,,,,,,,,,,,,,,,,,,,,,,,,,,,,,,,,
,,1282560,-0.140359198972575,-0.00867195617422067,0.212113843621399,0.376722897119341,,,,,,,,,,,,,,,,,,,,,,,,,,,,,,,,,,,,,,,,,,,
,,1286568,-0.156820104322369,-0.0580546722236035,0.212113843621399,0.376722897119341,,,,,,,,,,,,,,,,,,,,,,,,,,,,,,,,,,,,,,,,,,,
,,1290576,-0.12389829362278,0.0571716652249563,0.212113843621399,0.376722897119341,,,,,,,,,,,,,,,,,,,,,,,,,,,,,,,,,,,,,,,,,,,
,,1294584,0.0407107598751619,0.139476191973927,0.212113843621399,0.376722897119341,,,,,,,,,,,,,,,,,,,,,,,,,,,,,,,,,,,,,,,,,,,
,,1298592,0.0407107598751619,0.155937097323722,0.212113843621399,0.376722897119341,,,,,,,,,,,,,,,,,,,,,,,,,,,,,,,,,,,,,,,,,,,
,,1302600,-0.0909764829231919,0.0571716652249563,0.212113843621399,0.376722897119341,,,,,,,,,,,,,,,,,,,,,,,,,,,,,,,,,,,,,,,,,,,
,,1306608,-0.12389829362278,-0.0580546722236035,0.212113843621399,0.376722897119341,,,,,,,,,,,,,,,,,,,,,,,,,,,,,,,,,,,,,,,,,,,
,,1310616,-0.156820104322369,-0.0251328615240149,0.212113843621399,0.376722897119341,,,,,,,,,,,,,,,,,,,,,,,,,,,,,,,,,,,,,,,,,,,
,,1314624,-0.0415937668738092,0.0900934759245446,0.212113843621399,0.376722897119341,,,,,,,,,,,,,,,,,,,,,,,,,,,,,,,,,,,,,,,,,,,
,,1318632,0.0736325705747505,0.123015286624133,0.212113843621399,0.376722897119341,,,,,,,,,,,,,,,,,,,,,,,,,,,,,,,,,,,,,,,,,,,
,,1322640,0.00778894917557349,0.123015286624133,0.0475047901234564,0.376722897119341,,,,,,,,,,,,,,,,,,,,,,,,,,,,,,,,,,,,,,,,,,,
,,1326648,-0.107437388272986,0.0242498545253678,0.212113843621399,0.376722897119341,,,,,,,,,,,,,,,,,,,,,,,,,,,,,,,,,,,,,,,,,,,
,,1330656,-0.140359198972575,-0.0415937668738092,0.212113843621399,0.376722897119341,,,,,,,,,,,,,,,,,,,,,,,,,,,,,,,,,,,,,,,,,,,
,,1334664,-0.12389829362278,0.0242498545253678,0.212113843621399,0.376722897119341,,,,,,,,,,,,,,,,,,,,,,,,,,,,,,,,,,,,,,,,,,,
,,1338672,0.00778894917557349,0.123015286624133,0.212113843621399,0.376722897119341,,,,,,,,,,,,,,,,,,,,,,,,,,,,,,,,,,,,,,,,,,,
,,1342680,0.0571716652249563,0.155937097323722,0.212113843621399,0.376722897119341,,,,,,,,,,,,,,,,,,,,,,,,,,,,,,,,,,,,,,,,,,,
,,1346688,-0.0745155775733977,0.106554381274339,0.212113843621399,0.376722897119341,,,,,,,,,,,,,,,,,,,,,,,,,,,,,,,,,,,,,,,,,,,
,,1350696,-0.140359198972575,-0.0580546722236035,0.212113843621399,0.376722897119341,,,,,,,,,,,,,,,,,,,,,,,,,,,,,,,,,,,,,,,,,,,
,,1354704,-0.156820104322369,-0.0415937668738092,0.212113843621399,0.376722897119341,,,,,,,,,,,,,,,,,,,,,,,,,,,,,,,,,,,,,,,,,,,
,,1358712,-0.0745155775733977,0.106554381274339,0.212113843621399,0.376722897119341,,,,,,,,,,,,,,,,,,,,,,,,,,,,,,,,,,,,,,,,,,,
,,1362720,0.0736325705747505,0.123015286624133,0.212113843621399,0.376722897119341,,,,,,,,,,,,,,,,,,,,,,,,,,,,,,,,,,,,,,,,,,,
,,1366728,-0.00867195617422067,0.123015286624133,0.212113843621399,0.376722897119341,,,,,,,,,,,,,,,,,,,,,,,,,,,,,,,,,,,,,,,,,,,
,,1370736,-0.107437388272986,0.00778894917557349,0.212113843621399,0.376722897119341,,,,,,,,,,,,,,,,,,,,,,,,,,,,,,,,,,,,,,,,,,,
,,1374744,-0.12389829362278,-0.0580546722236035,0.0475047901234564,0.376722897119341,,,,,,,,,,,,,,,,,,,,,,,,,,,,,,,,,,,,,,,,,,,
,,1378752,-0.12389829362278,0.0242498545253678,0.212113843621399,0.376722897119341,,,,,,,,,,,,,,,,,,,,,,,,,,,,,,,,,,,,,,,,,,,
,,1382760,-0.00867195617422067,0.106554381274339,0.212113843621399,0.376722897119341,,,,,,,,,,,,,,,,,,,,,,,,,,,,,,,,,,,,,,,,,,,
,,1386768,0.0407107598751619,0.139476191973927,0.212113843621399,0.376722897119341,,,,,,,,,,,,,,,,,,,,,,,,,,,,,,,,,,,,,,,,,,,
,,1390776,-0.0415937668738092,0.106554381274339,0.212113843621399,0.376722897119341,,,,,,,,,,,,,,,,,,,,,,,,,,,,,,,,,,,,,,,,,,,
,,1394784,-0.12389829362278,-0.00867195617422067,0.212113843621399,0.376722897119341,,,,,,,,,,,,,,,,,,,,,,,,,,,,,,,,,,,,,,,,,,,
,,1398792,-0.173281009672163,-0.0580546722236035,0.212113843621399,0.376722897119341,,,,,,,,,,,,,,,,,,,,,,,,,,,,,,,,,,,,,,,,,,,
,,1402800,-0.107437388272986,0.0736325705747505,0.0475047901234564,0.376722897119341,,,,,,,,,,,,,,,,,,,,,,,,,,,,,,,,,,,,,,,,,,,
,,1406808,0.0571716652249563,0.123015286624133,0.212113843621399,0.376722897119341,,,,,,,,,,,,,,,,,,,,,,,,,,,,,,,,,,,,,,,,,,,
,,1410816,0.0242498545253678,0.139476191973927,0.0475047901234564,0.376722897119341,,,,,,,,,,,,,,,,,,,,,,,,,,,,,,,,,,,,,,,,,,,
,,1414824,-0.12389829362278,0.0407107598751619,0.212113843621399,0.376722897119341,,,,,,,,,,,,,,,,,,,,,,,,,,,,,,,,,,,,,,,,,,,
,,1418832,-0.140359198972575,-0.0909764829231919,0.212113843621399,0.376722897119341,,,,,,,,,,,,,,,,,,,,,,,,,,,,,,,,,,,,,,,,,,,
,,1422840,-0.12389829362278,0.0242498545253678,0.212113843621399,0.376722897119341,,,,,,,,,,,,,,,,,,,,,,,,,,,,,,,,,,,,,,,,,,,
,,1426848,0.00778894917557349,0.172398002673516,0.212113843621399,0.376722897119341,,,,,,,,,,,,,,,,,,,,,,,,,,,,,,,,,,,,,,,,,,,
,,1430856,0.0407107598751619,0.172398002673516,0.212113843621399,0.376722897119341,,,,,,,,,,,,,,,,,,,,,,,,,,,,,,,,,,,,,,,,,,,
,,1434864,-0.107437388272986,0.123015286624133,0.212113843621399,0.376722897119341,,,,,,,,,,,,,,,,,,,,,,,,,,,,,,,,,,,,,,,,,,,
,,1438872,-0.23912463107134,-0.0909764829231919,0.212113843621399,0.376722897119341,,,,,,,,,,,,,,,,,,,,,,,,,,,,,,,,,,,,,,,,,,,
,,1442880,-0.255585536421134,-0.140359198972575,0.212113843621399,0.376722897119341,,,,,,,,,,,,,,,,,,,,,,,,,,,,,,,,,,,,,,,,,,,
,,1446888,-0.189741915021957,0.123015286624133,0.212113843621399,0.376722897119341,,,,,,,,,,,,,,,,,,,,,,,,,,,,,,,,,,,,,,,,,,,
,,1450896,0.123015286624133,0.337007056171458,0.212113843621399,0.376722897119341,,,,,,,,,,,,,,,,,,,,,,,,,,,,,,,,,,,,,,,,,,,
,,1454904,0.238241624072693,0.386389772220841,0.212113843621399,0.376722897119341,,,,,,,,,,,,,,,,,,,,,,,,,,,,,,,,,,,,,,,,,,,
,,1458912,-0.12389829362278,0.254702529422487,0.212113843621399,0.376722897119341,,,,,,,,,,,,,,,,,,,,,,,,,,,,,,,,,,,,,,,,,,,
,,1462920,-0.420194589919077,-0.107437388272986,0.212113843621399,0.376722897119341,,,,,,,,,,,,,,,,,,,,,,,,,,,,,,,,,,,,,,,,,,,
,,1466928,-0.502499116668048,-0.3543509685199,0.212113843621399,0.376722897119341,,,,,,,,,,,,,,,,,,,,,,,,,,,,,,,,,,,,,,,,,,,
,,1470936,-0.3543509685199,0.0571716652249563,0.212113843621399,0.376722897119341,,,,,,,,,,,,,,,,,,,,,,,,,,,,,,,,,,,,,,,,,,,
,,1474944,0.0407107598751619,0.386389772220841,0.0475047901234564,0.376722897119341,,,,,,,,,,,,,,,,,,,,,,,,,,,,,,,,,,,,,,,,,,,
,,1478952,0.369928866871047,0.485155204319607,0.212113843621399,0.376722897119341,,,,,,,,,,,,,,,,,,,,,,,,,,,,,,,,,,,,,,,,,,,
,,1482960,0.0242498545253678,0.369928866871047,0.212113843621399,0.376722897119341,,,,,,,,,,,,,,,,,,,,,,,,,,,,,,,,,,,,,,,,,,,
,,1486968,-0.3543509685199,0.0242498545253678,0.212113843621399,0.376722897119341,,,,,,,,,,,,,,,,,,,,,,,,,,,,,,,,,,,,,,,,,,,
,,1490976,-0.420194589919077,-0.321429157820311,0.212113843621399,0.376722897119341,,,,,,,,,,,,,,,,,,,,,,,,,,,,,,,,,,,,,,,,,,,
,,1494984,-0.387272779219488,-0.12389829362278,0.212113843621399,0.376722897119341,,,,,,,,,,,,,,,,,,,,,,,,,,,,,,,,,,,,,,,,,,,
,,1498992,-0.12389829362278,0.238241624072693,0.212113843621399,0.376722897119341,,,,,,,,,,,,,,,,,,,,,,,,,,,,,,,,,,,,,,,,,,,
,,1503000,0.221780718722899,0.369928866871047,0.212113843621399,0.376722897119341,,,,,,,,,,,,,,,,,,,,,,,,,,,,,,,,,,,,,,,,,,,
,,1507008,0.205319813373104,0.369928866871047,0.212113843621399,0.376722897119341,,,,,,,,,,,,,,,,,,,,,,,,,,,,,,,,,,,,,,,,,,,
,,1511016,-0.140359198972575,0.221780718722899,0.212113843621399,0.376722897119341,,,,,,,,,,,,,,,,,,,,,,,,,,,,,,,,,,,,,,,,,,,
,,1515024,-0.321429157820311,-0.140359198972575,0.212113843621399,0.376722897119341,,,,,,,,,,,,,,,,,,,,,,,,,,,,,,,,,,,,,,,,,,,
